debug: Running day 03, stage 0, file: in1.txt, debug: False
03: /Users/taras/Documents/code/aoc25/src/03/in1.txt -> 200 lines
65
86
77
85
88
93
89
99
86
76
98
88
85
99
77
77
73
66
99
73
66
77
98
99
99
84
66
55
99
99
77
99
84
88
88
97
88
87
54
99
66
99
99
99
99
99
74
87
66
97
64
86
99
98
99
99
88
88
99
87
87
99
88
65
98
66
99
97
44
99
76
99
98
86
99
99
99
76
98
98
95
87
99
77
77
77
66
85
99
77
89
88
65
53
96
98
77
75
88
98
88
99
66
96
65
99
98
66
94
84
88
87
85
98
99
77
87
97
88
88
97
98
99
54
77
99
88
95
87
87
97
89
89
99
84
88
99
77
98
66
98
88
54
99
77
87
87
99
97
87
97
89
77
77
88
66
54
88
55
86
85
66
77
63
99
75
87
66
55
77
44
95
99
75
77
87
77
98
75
98
87
99
77
99
85
99
87
66
66
98
99
77
77
55
88
33
99
99
55
97

debug: p1 took 0.0011 s

Part 1: 16993
65
86
75
85
87
93
89
98
86
76
98
87
85
96
76
75
73
64
97
73
63
74
98
98
96
84
65
54
96
94
75
97
84
87
85
97
83
87
54
97
65
98
98
96
96
95
74
87
64
97
64
86
98
98
98
98
87
87
98
87
87
97
87
65
98
65
98
97
43
97
76
95
98
86
98
96
98
76
98
98
95
87
98
75
76
76
65
85
98
75
89
87
65
53
96
98
74
75
87
98
87
95
65
96
65
97
98
63
94
84
87
87
85
98
98
76
87
97
85
87
97
98
98
54
74
93
87
95
87
87
97
89
89
97
84
87
97
76
98
64
98
87
54
97
75
87
87
99
97
87
97
89
74
73
86
66
54
85
54
86
85
63
74
63
98
75
87
65
53
76
44
95
97
75
73
87
74
98
75
98
87
95
76
98
85
97
87
65
65
98
94
76
76
53
87
32
98
98
53
97

debug: p2 took 0.0090 s

Part 2: 16791

---
03.0: 0.0135 s
